+------------+-----------+-----+-----------+----------+----------+---------+----+-----+----+-----+-------+---------+---------+----+-----+----+----+----+----+----+-----+----+----+--------+----+----+------+----+----+----+
|       Keys |         H |   B |         C |        N |        O |       F | Na |  Mg | Al |  Si |     P |       S |      Cl |  K |  Ca | Mn | Fe | Co | Ni | Cu |  Zn | As | Se |     Br | Sr | Cd |    I | Cs | Hg | Bi |
+------------+-----------+-----+-----------+----------+----------+---------+----+-----+----+-----+-------+---------+---------+----+-----+----+----+----+----+----+-----+----+----+--------+----+----+------+----+----+----+
|        QM9 |   1230122 |   0 |    846557 |   139764 |   187996 |    3314 |  0 |   0 |  0 |   0 |     0 |       0 |       0 |  0 |   0 |  0 |  0 |  0 |  0 |  0 |   0 |  0 |  0 |      0 |  0 |  0 |    0 |  0 |  0 |  0 |
|       GEOM | 143905848 | 290 | 129988623 | 20266722 | 21669359 | 1481844 |  0 |   0 |  1 | 250 | 36290 | 3999872 | 1224394 |  0 |   0 |  0 |  0 |  0 |  0 |  0 |   0 |  4 |  0 | 298702 |  0 |  0 | 5377 |  0 | 13 | 34 |
|    PDBB-LG |    118056 |   0 |     92721 |    16834 |    25353 |    1121 |  0 |   0 |  0 |   0 |  1112 |    1918 |     745 |  0 |   0 |  0 |  0 |  0 |  0 |  0 |   0 |  0 |  0 |    144 |  0 |  0 |   44 |  0 |  0 |  0 |
|    MOAD-LG |     63537 | 735 |    759971 |   134471 |   267350 |   10721 |  0 |   0 |  0 |   0 | 21454 |   12886 |       0 |  0 |   0 |  0 |  0 |  0 |  0 |  0 |   0 |  0 |  0 |      0 |  0 |  0 |  492 |  0 |  0 |  0 |
|  CrossD-LG |        18 |   0 |   1585352 |   276495 |   400601 |   30875 |  0 |   0 |  0 |   0 | 26331 |   26552 |   15221 |  0 |   0 |  0 |  0 |  0 |  0 |  0 |   0 |  0 |  0 |      0 |  0 |  0 |    0 |  0 |  0 |  0 |
|   PDBB-PKT |    434280 |   0 |   1356559 |   354599 |   480300 |       0 | 47 | 241 |  0 |   0 |     2 |   12299 |       0 | 25 | 133 | 81 | 32 | 27 | 27 |  6 | 840 |  0 |  4 |      0 |  1 |  8 |    0 |  1 |  6 |  0 |
|   MOAD-PKT |   1517067 |   0 |  17519488 |  4589904 |  4917240 |       0 |  0 |   0 |  0 |   0 |     0 |  167920 |       0 |  0 |   0 |  0 |  0 |  0 |  0 |  0 |   0 |  0 |  0 |      0 |  0 |  0 |    0 |  0 |  0 |  0 |
| CrossD-PKT |   1577162 |   0 |  25342173 |  6541469 |  7237707 |       0 |  0 |   0 |  0 |   0 |     0 |  282412 |       0 |  0 |   0 |  0 |  0 |  0 |  0 |  0 |   0 |  0 |  0 |      0 |  0 |  0 |    0 |  0 |  0 |  0 |
+------------+-----------+-----+-----------+----------+----------+---------+----+-----+----+-----+-------+---------+---------+----+-----+----+----+----+----+----+-----+----+----+--------+----+----+------+----+----+----+
